city:
  name: Eagle Rock
  left_most: 34.134216, -118.230804
  right_most: 34.126568, -118.176694
  top_most: 34.151634, -118.198355
  bottom_most: 34.102990, -118.197567